$ANSIBLE_VAULT;1.1;AES256
33636365353964653462336438313536343766633862636333393338353330376330366632303030
3865613466613439623163383538636161666363373166350a303637653862393935353061306562
64363739323434613065616232333631333031616331626635393461366462326561343136353066
3163333561373261300a656264343633313138303761613463363664336530373262643630303635
32336566653237333531383766653634353735656434376463353830613966633539616238663337
37633462623334366661626162636230613466373863666330343430333437626638373935623032
62346365313464393638336362333464353536356437316561306561323430363963323165653362
39323830623830643834663465366339303663393432313531306538323933613765633732383266
32636137626539383361626534356336306331633933326133303434663061666134333061373333
31333438313730366166633133623535643139343262643534636233643962613834633161393263
35343866636637643230646337653062653061386163633530346631326335393731623761353933
66613734346638393434333832633339326337336532306532326465336163393265633763663337
39633337366532393364663664306639333765356338383365386165303839333538336631363063
66356538303162356236376464313737323534363365633564303037626538343762363465666536
37336332613361626339303136363236346533646636316335663938336436323230333132356430
65376638656162303838626365316364323734343438383465653137393636326663386230326166
35386535326130393935343361363762363261383539333534633634393532326432376138643332
35323930393438303965356639366438386635373266376566333261303666326533643739323563
31343063336166383463333738623138623438663934343136393064643934346461383361326438
38303338656334656666313164623039343437383763666635383138336331323264383864373830
65386236626562366366373631633432333533306636353136376432363739323937346536643362
39656430663863363261363662346631363262373962633133366438393565383836313964393236
31666530623165333661326536636536393138343734616466396364343738343735646162343966
65386462316238623565306365336263633135343865643536373665323663653835383362306330
31353630643736663166366365383035643439346136363764326163613434323161323734313438
36343430646435333935386566306265356364363635616565346264616332663562363264386264
33343661653031313262313965333939656266613065353431333566363062613432623532393662
66353730323934346462376566373630363337386433386632393262356363373333636235353532
32353030316536653335663364373362383366366666643061623563303933376435383165626637
38663236323537383535306439656335636366666330333962666166383064666436663836653230
62396261386366333030663338366434353166363162386233363136646635663530643035653632
66366561336132366537396638326435326436336437383066303930663062393836313462363731
38343066333863663839383062333262376435626332633232363166663634333837656231313237
39613432633830333137353765386366666537613461376230373539383536393731626532383661
61633562343931633435323539376332386265376431333563386266393433653662633531613838
33353739626139346534316534343162353361373938373533383332626363353037643866666131
30393836373762616337346239613336363363396237353232666438303762663031626134613135
61656237353931656234366665386465643666336266373063616237356261366266666632383935
63333366323566353432333636303332623539373838643634373865366435636137363330363265
36656266333938383561633765363133303831333161313939313166313063366263646231386565
34333232656562373963393563636534643833633934663237663232633033666565633862303530
30646664373234336131343262386531333561623734383066313965613630643965333965656165
31373730393336323330326531313636653631396434373037663531333465333333666335383237
39313730316565323938623634363964643764363862333533303537383737646563356530363862
36626637363363393033646432356436373137643430626530613762383665616237313937326463
35633336373261646630623762383938336234613261373263353830313462643861333333386266
32636438366337393139373433313964316430356333303762303733616663633438383338656634
35316438643664306431303039336436336463333033366461636564666235336361653262346631
31323733666333643339373433613566353731303934626233356533336666383336353035663535
65623565626236393934346566653731626438353836383532613562326362343561386665323635
37656635393835313938363234343231316133326638303735393565356566313965356536316539
37346238343536326362616563616564343732306237303733616539646130393664646239336362
6663
