$ANSIBLE_VAULT;1.1;AES256
62633739306137366466626562373230396561373961623566333661663432323936636362303461
6335373962663938386230643665633430316366356666300a363538366362626262376336303430
62366634623064316134323966303739613033353431383465396133363461333265393738353037
3136393764303035350a643935373365656362636361366538333936363135333036323631323536
34356539613464346631383763656133373235356634386134613238373138306566326233373561
34653664306635346633636637656566316335636461356635343933383738656664386337396532
31636537333464333335356563613730363834666465353166656564663864363238633939363961
63396334653739383232323135333764373463623234383961323966646639626135346434633962
30366334643562376661363763373865356362626230613935383266393430316435626536666534
66643534613162666332303033616332653561383035363865343636366238326231363836623562
66303665303639323361633765336237663566303261386632663435653833373338653330656133
31313937656263343331626366626531363562306163313061636432393038373832666531646435
66353632646431633833653161386465333032643565383535323961616637323734663737623164
63336339336235666165316335333333616136306535636136376539316566313961393761373938
31353536643866313032613134613564353531643039363536343364633235663236336433636666
37353465306466316362313939626332666265373035383463373733633439613939646466373537
66366332646138653136323865633665323632643362303161363735363462373461646533616431
63613936313535323665363330376636613231343031363931373038353735623365316563343333
63376433376661363731646463396236623730626235396166633464333832653264383537663366
66396462323239373735343661666463643833386362666335656231386635323030373832653537
66636437326138383366333862306463653661646638363462383262333835643933366633343333
62636562663237356430616362666439643031336139663135333631346636663765653031336462
37633461303064633263326266646237363230356661646561323363353736353063633862376537
39613634333934623033343937366334653330303730656132633338623136636261363563313535
37323435656437326230356161663531376264343363626162366563383263326161366633653861
33326334646662323630616638356336666539386235313639656361303163363837313865643363
33386433663231636236393063633430313038663763653132336664356636386339356231333239
66343164613937356665613235616264633837633761396233363763333839306339643661316164
36643534643264663531613861646634313436393562386338316230393331366165663735393764
63393563663536666266353763653132393764663665633936663039323462383039656665633066
36356130326432363939333063323336613262663061636236396130633836346435386231323765
36626635356231613565383565373836333466666232373632323337616339393232623134353064
35393233373364376236326538346630613033323363303339343665373134366561653862653266
35363931616336643837313836663837636465616537303362333065333564663430366635636631
65333435333731643838383961356330323535636439346532396161663238356138363439633333
66653634343264306261653533666231323435356239346262323230336562373833333866643366
64653639653435303631373039343433356536356336643833336561643030616263333239356161
66343738623262383134636563373733336230613139316436653665333530333830633737383238
31396330363865633031623333376135336361633537303637663865343236656637636234666533
39653737353834396333386337333266663135376465333634653538653932303762653733326161
65383835303064323462366436336139643931316532656239373962623565313937356135386334
32396366663131383062633863663131616265323234366535356438343833646236343331323065
61353539316531653438633830653335323837336232303861626534336332653365363838303062
64653731313539626663623361643130653636373339353066613731393662303334306337386231
39663535623831396665656236356561376636326636393063656136363430326439316138333164
61353763333230383635663966386139366534323630323037333637303164343930613835633864
33323864353731386639326537616237326662366462333436316538333861326636303337313338
38613533653539373439356430326664616134383337343937626564626162343062373364636237
36376436633666646463396664343230363539663561363732633538386633646537343432643165
30313632663634323464303465636430626133333335613931373961313332326561303131323862
63356433613162306435623038663230363431623231336338633064343061333139386439656465
64396131303738363065393465616366363133366536383361363739396661376631363537363962
61356431623632343662386635323338343666343464626262643166316133323932396161353930
38656233663930316430643834666465316432653564626165353737343638356639333264326534
39396437336632363631353934323337663630343661663531616133343734643263376166386564
35666632353538646666333632306435666132313638616636313362363664643366393465316232
30383034343739343138633661376366643763636633643263303530373739633738626664663330
36613362636562663566643263323264306432613862326236383561636165623637383530303237
38616632323734363639303831313363353665383139363164313363663465643034326435643361
35336137643962333332383137333366616432333766353938376437336536343833356633326534
35616164316365633131373637393330633866646464643366623732316165333438656431333332
39666165356432366132313936323239666137383561303166656535373930323863646366313436
62396137646531636532343137323564316331306232636439343364633337633230353933373537
34623030636263306263656237313531616463356266303163306331653066353835663730366236
30313832666435313134386461366261366434663966643731353632616432393730323233366361
38336666643136653634613331623538646562333362623930333662633863343864653535613438
63376466326431376436353161326338343763353132623632383362366361623863363565343762
30316262363130656635323539376430366533306635393131303231383736373464386439346136
37613433323461326233666365316439373230663334653434326433393835373336373162313466
31326163353033663431666134346132663338306533313939613965323539356330383737643035
62393130363235326464633238373165336235306136336561633436393537353265366535623666
38643535336331613466653534306333313661616638373162633734353338626330616336663662
38633236373738616231303565353662653566336466356466343131316166323337623233323734
62393031346639323838353039396334313964303764663830386631326631346538333065313738
39376333343661393631323761383833616234313930633539346631616165633435656336386139
33356432373565383034333565376639323333363038623463306533363136346337646663346333
30386630373830306330336134663862353235313033646633363630316132353031336266653832
34326663396464663364306135636134393436383539396539623730396135383936376466386433
61656638613865613430333362346464303335663632616666393830316361346565363330656365
65393362336236633466386430383965383030623430353138366166653733393061623661393362
37643139323030663336356439373864373839616436343061323066376135623539383034333637
30343034623530376632613038663531306438363337616566326662323662393738346563383634
33343163666665316364643039356266623762656137333033643032343263303161376166363433
30623664323166366661623234393564343134353532633632353763626363343934666231353830
64323336656332653862366665323066323165363937303330336438626433653330303931333666
38313534333432366531323163363332323735376264613434303533303630303362656139646466
36613665303738663437323865306239656466376362633961336566303936386133653766653937
36313162613865336437356664313937346237633037633335323238343433633362616536356165
35653134323165666534613738333139323038333537323039613861626633643463643039363539
66343435333931323534336139336231323936316638306330383666333830353065633434366563
63636439343662316237376638653935363236666133336165333130346230633436666235373463
38333164303465343739353837613332363231306362643539383335366239663938633934316265
63326535376531303062633364626234626662356636373231613132316131306435386665666533
30623531343263656365313362383561626662343638613936646362633331306130623130303034
65376463616663313439343731663736666537356138343066373831373161626630363965353834
30313837386436386565383534323866623535636332383531353564396665376336353961343736
35303235613862633463633132366165313465393166316164663235636661343666363365303438
35613730626431336635336633323134386665373561623265663639663633653539326365646464
33366565363932333637373739633563626131346530663034366366626130383265353363643031
36623263326464653238663835353766663536653634656234323936623637633666333662303031
65346135323861343730356430663363363734623462626234363066326633646261303539303863
33363533663236353661383263623130396332333237653331333965636663316138363134346366
63626133346435653331623431323333643564313537373639363134356532616435303231643163
65343330623931323563643661303634633063343363313066656134323338633238626261623162
38646436356332626337376636373364373965383465373538633231323466313232616463356639
34323338323166613932633935376638383531623463616237616636633235366539376362656635
64313333636166653336373036313336653233313566376332626162363365343830353934396430
30383434613261643336306361646366333536333062333335633563666538323936653935623264
30653836613133383362356662373637633738386532363061303464646431623739613530323765
62623435636436383330363437363333343430353065613564393531613139666634643831313333
32356131383332623764303461373566353965346162643534326432316337356333383030353764
30353938623738383662666130643461316266373861356638643964356232306536633363323036
32333363346637633231313239356466333039646265303865396263383630623666323134613362
36303834313462373461323537323065303036323333326337323539373337613461663062666665
64363134633238323232386666343265633633313666396138646165316235653064353934303330
64633431653333316532663336376131386336336138373834663238396336333732336330333737
32336234643734623032643162643064313164396563356530366164336433373365613539396262
61643366366339656539383034666361313763653039336132363839356130316163333337643930
64353336316538333466666138326633373363323434383466353661306665323432346636323230
31323466326133383532643363346235633433343137663063393262333633633666613134646639
33393666613031623137613436356464313137386237613439623035636262616563356361376661
62343036653566393638303134336632393332383761383331333631376461366238326664313837
63343139303664623639316262393331356537666638623265623862313161643761633535343339
61633835646438396663313635633761323962646231663561396164356337373063363234663839
39623938323363656464303763666462633562356565303237633638656363623963383433633332
61626365613761323663646332343034333865376533393462643865396230353833643963633361
39313237646139613361326433336439396638373335323061663136383231623565303638396635
31346337376463616232663833613930666366376561663931326662326132393963363664396635
39383064663031343163333838383139393163353338633430613365376130366361636566366561
65643634396562323565653266636264396363333032373336336237373939333164326435666132
30373630373833613532313334616130656162316166623339633165643964616262343831613565
64626636393434313735613366363637646634663562373533396337613237626536366537363863
62643665376335343033306336383931623137333232666233323364356238323666636437323038
64333432643035366164633434393363623537646362393138626165366537333066646563396233
36376630333038336131643433333230313662613664643738386539376639313137336239363632
64323964346335346132313262306361393033653439373761346563366464323134356531636630
38613465663439343532323561343034646536376130663666666262363631323237653337333163
64373735623835366337666334396536643230373664346430643838313138663339303662613063
38393130653935366238323462656463626436323338356331643462336539386364393565383539
62366130323238376366373330366364306564346665383464636430616339326466326466653035
35396137323934306430636463396166616636363266343262616536373363633238303734346532
61633439376463313738306639663966623863373065656335366665623833383966353338343839
64653935333636343837313039313336326565326332616466333066353132363338653730303737
64616264653733663439386562646564316161613939316336303638623630643762633334396239
36366133663737653738323963323637306638366634353063313764316237613037386563383833
33316137356163336134616666653830326630653637393063623065313965613637663533346561
62343937333831326535623831396361336366386231383531366635366637636365663864633161
33313734623537323262363664643866656230636664393232363465353564303434663639373561
66396130383461333463306363653831666262386164653732393966643864346135316264613132
64656136663764303232636334633763633162636262363761356331653437666164303431376332
38393439666132383962636661653330333330633833666566303062316433386533636564643363
66636134343734643437363633313236653738613761646638383331353237393232633832643033
66643533396230633261653761373432633635363438313338653764393735643335613335353636
61363831653433373264363938333462343733363663616132303062343338373562343761666637
39316235373631383562653564386138323230646236393736326162303738376638386164633734
32346635303565333836346437363337623631363164313739626263626265623734623039366666
35383631646134376565663766386165613662373864346166663836343366366161623366306162
65313139666437336562646166313066643966333761633138663830343035326162646166363530
61643939646161663735613937613030633233653765653633373439646536323165636532383535
36313764353362663462633465313931636139646366316335373535323066323930373763616539
38646230373632363835626432393731626466656634646565623462376565353737323366396636
62323463646466313530623034646232633331393131313134333662613461386633613861623630
36623838343939313330363038656466623333396365336664396433383762373832646562643038
62346638633839353966653634383165363235323164383965663466323262356535656236393164
65323332656231636137666339346330313032646232366334333864666639343031373138623662
33313930366138333363306337343335646637313231333066396662643263663030353631376132
33396434353435613731383137623739373034376435306561306462626135643136336634343966
64366430386537336533613631623964353064313461333330666430616238646562356565656161
34396265336338376137343831646532376539373363326230343333666431343263646537353561
33333035346636393466363066383734306661326631376537343839653531303133346363663363
38393937663232336266373935336336356537393130616338323862643063353532353139636563
66316532383335633638306266343662316532663231303762396336383134343063343330646664
62663131393162626462356362663235323964313034333063623734313230626437353264663564
63383364393734356663653138313631346132666232393238393434336563373330626362663466
38623139353133316639633064396462343966633834653066653738396163346361356632393332
32373735623032393134363834323236323930653037313732373164316631643661663564346365
33666430323461653938623163356266386633646362383537386133326332616565633032393537
62613435613034333764396265343661643930333230346462393937323432353665343337653165
36393437666662663564376666316530333738343262633464383739333836313532336139333931
32633635303633666661656234323130613032656139313166623364346330366635356661316432
38623634393261633533316137316437393630663532393535343236363766363866316364646233
65616365333138613734636234383762643530656263373265313734623837373837346430646239
61333333336233343463633562313861633433663965623931366333306166666466643064633638
37366461376336623061303261373336353766323161306238393334353565306265363066383661
35666635373434313639633739323537643865336530363866633131313132646161396134383862
34373765356235306462303034333564636263623332313833333761333431346566623230363833
66383632623830373064636534366430646461623266316566623739366265653065663164373638
33303433303865323062666533363136353235386438393932356630623966373131616238303463
36346664616162343437626132666637633834663662663762373863336438356233656339613032
31353330336536303861303337353637313636656632393365353738613863393939343836323665
64666234333264613332646430643034376433376333643431336362623834336563643463663966
63326632393061323631353330386538356162323439326330643462316331613930366135363430
62653437306261326166343832346463396137383431643264323434363637353663316264396561
33383832646231623535336230646166393363393036373839643033333562376632663133393738
35633835346539643732363139313730636638333539383530613131306364323062626261393539
38653230636464313136336635303465333165666536393639616661306338366564356534666330
61653836316664633861383163623534643962306636333531653966623233316339656663313764
33613136303662373531373463376438393663616432383730636336383433343732636535306233
64303137656436383961613931346539643963353239626361386433373738343539663262663638
66653531326366363736393938393262353035303439656461626536306236656435386466373363
35316233396137306632343234653232323661326562356366636330353630333633376235626331
32343039623435353238373536626638336537333966656161613537393430633362393335376266
32613863366530343233316333636161663764633431656438363965313431383330336363613039
61383933663663623165383766393939343131353534373438333935366432363062656162336566
33643762386135643939366431393264313836326562653536316131343962356531303732613539
64373038353230313734333938646663653264303064343438316233633066323831656134393235
39613365336164353131313861666533376162653465636335643337393164613933326238363839
39303464363032393337313338343930343932633936666333623134653862316432306439663733
66376338643435383266303837643433336538386537373164643435646436316534333764383365
62346262663537346134353861373338636238323530623137316237346538303562316161306138
39643764326231313631636362353363313939313765303735373633626265326530396164373534
34346537633462396634306361393431363032386464303466383661333763646132376361373166
39383636373161663332366434393763343437353762393033303636353835633564663830323538
36316364623238326137326530393962666337313835653661633232323766313634343439663735
61306236383336626634656131323263386439663735663932653632633031393834343539333562
32633731346662323635
