$ANSIBLE_VAULT;1.1;AES256
36626233333931613439353663303439396638336164663665313733396666666562396662333633
6137366265626339656536393838623933353363353263620a353164646530363332396664633264
64363265366364636639393033623163313364353634333764363263373934366435323862356165
3138363430333436320a313730363763623266313862383534653032666438326462313730386435
34306461353637663433373531383339396337386163363461323065343463616165393836323832
64306263616435376236643634633530633661346163366137393761616431363132366233373036
62316465393265633538313966343537666138383361353861376333363334653835343764343130
63383435383339313537363262383866633261663235646663626439343961333537356633383534
39336566356264303466393038353931363861333135336630316265323163376536316265356164
32323166356430343363653663643339333966633430666432346361616365306637383363316438
64646463306538323035656637333739313461386433386230353831343534616432346664333666
37643537373531376665343866666362346465633334346235616663386433663764383434396634
30653461383730383562323238373732306165363639366266623734356431353037306636336364
30636265393035363239666164653930623664313730316537346235653539323237393530333230
63366635393665366438393866643261663937646231313132333034623834366430633265333238
61386661376463363037383934333066646136373138316265386163326363326564343038363433
33666338363663643832623864626162356636396562626530646537303862353665666130333734
31323732303764613032313362366338303239646530663635346535616631623963393261306236
38306335643865656632323135323730663831336233646630323636636630373136363335336165
33613032643737633638316633643732376639363438663430633261323163653135373937633031
30346433653233356131376534363363356537656630343165656166383264613366356338353066
64316164303733346166316565656635613061653530316137313838353035336332363730393164
66373865623336666662396134613438653532363864393937336132333665313738333035616162
33386437623430333766393330656662636463316637656331636364623261643733346435376234
37623364313864316138613738653764303139313963323132346437653966623265346463366165
35646465356364303362636661666335353334613234646263316138383664383134383038366266
38376331636431656439346132316264613061656633633733613366303132313962356632313036
65646363623937363835613561343230356437616135303363626332646139643135336139396335
66353531656136303934366136366130383437353861633837653432343632376630386366353434
63303333623939383336373334636265353966346639306532333766396461353638633161333532
63653666386131313261666539633264343865353332363132353830323362353231653035623234
31643566393266363962336636326262343038326565316362616133363635376337643834663530
38323535323132643161316434663866396433326431316566623930333234373036666131663532
38373365326530313336663538646362313065626565666436383032636331646165633961633265
30383632616438643934353465323630396237343162646634633330336664346637633766646466
33663663363264353730643665346135313739643130616566323733663632616338343036373639
30643839383763363035366562653964623463363039646131663134613165343962613834353231
31336332323833333063613930353937613661363631376635636231373335323734616437616332
62616365623565616436646563636263353765613334666435313761386364643735396163656138
39303966323532353562376135646366356261646230663463353038356366646637626236373764
61373639323363396334333537323162626230626239396264303936616662326264373934353233
66633238326265323930313134636335303738393830356136366230303732366130313834336364
37383438653633343939343035643632623465316231346534643363383032313438316337313431
36616237303236363261373865636238663631313361616137373662313663383466663138633561
66626666343931366466613831643162326564323634653366303465396331303465643766393533
30333866353839333030636166313732663664386336306561343637316433393738326337356433
30393838663339656439643263316633396465366264343331663139623036333266656366343731
39323536353732366135663461383431386230616132313736623831663139333430316333633561
37386638613633363030376338623036336236393239353264363162393031643637313938613430
33316264336464303563366566363333303533396439346633626338653235346166363936343931
66333032396161383837343461366132633934663733356337643564623563326462656234303566
62613765653337376364323736613564393361656266623937336337633861386365613131653766
30323263376161653730636339363730626634323330363935353830633662343431393765313066
31333865363037383433393566653235666334616634393133633437373036333930313634623866
35373161373236626262303833363361626239363032626566363361633332613134663934326238
62333538326464323164646634393238356238663439386264633237663165626561313132623966
33306562636432306232616534363339303938633231653132343063316564633432616232626166
66343636356530376337653233643637396339333131633836373462323037373465393333326562
39393137663139333834663061656538313639643965613434376663376266303366306461336137
61336639636364663966333565373831383032333636323365383437396536666463383666326631
37616164303233333062303230353338626261633536323663333537613839353761363261353833
39353663383534326536366662383631383862623831666533653436656563613232633465643263
33636262316633383437656338376438386338346632633763666466336662333035393230393536
32393233666230323932383532643435383838303732663533323034393262646631396564316333
63333266623730366435303062653636366463363533366461393239353235376337326433636464
62396639646133643531353264623630313936363232346164313839323137663866643263646137
31376564663965346232643866326437393366396365373564636165396538346134383031376663
35616136363235396635303037613164386364613863643364396535373364313461303834623937
33326537356535323732363031313162316230323330653038376637376537363964306133383864
61636432393964313331383361623161383136343663386165353565326130323539376162616361
31353332646438623032616638356433383434393731333930663038393763613036323237663866
63633439393031373865393164396262313736326632613434393531373037666232636331333766
36653062383364373138633632306132306130343964323266356339663336353833613538313532
38633036303662626235316335633564323264636432313039633433623538613231353265306134
33353166383038343030656464656163646162653836653966366565333737623630663034333332
30343664336538616438383163353364616237313530323638663130663931346237653337343737
35396633373731333933633833353939323961366266393431323963653134616238653531303461
34323732653466646637326539386536623966333864633737663031643635393437333565376639
34376463346434343263303961656531663063633065613962643634343836313233303634626531
63353463323031653962366432373863333037383937393062653538613461653333333562363135
33643332623632343561633034373865366436383335646135396635383932393132636461653566
63306436353038363564306665616331306164303962376234613331623230363463383662343263
33316162653566393837663731366635643862346434373864376435303830393337313364353162
63346364633831656231646130653537306265336336313236386130623665333637656665643232
30303839646664663161336234653266653561316261326465373739363635313439316530633436
33343130376135633038373532393737333734666663346636393563373036303536313532656537
30316432303032346639653965356563316265656339623566633362306435343436386633363765
35646238666564383531313963613031373061653530396533636162306230383035363238393138
65383638363834643965383861613761393730343036333065653931623032616639356565613635
38613534356239393130336139393333313438343938356433376536316132333933386135396638
39616561633330336331646162353339353631343638396563366337613563633937653934333230
61343034646362393664396439393761343031643236333965383963343030633836386530333432
30663963383963323963616264623436626665373565383333313261313131666265653564323632
62386566623830346635666539663231396231396661393830326265663834653038333637363566
32643132316431376562653764636235316530623538373661646662333533353836346633383334
38343830393039366364353461373738373334323362396466323563343665323662623337393537
35613339336537353038616639313135653139343633396430323262316539333138393232383534
65356563393232616265376132303365396630373531643435363464333330386362393661613136
35616661643238393738353864663466393733326261623337326639343733616262333737653366
61363664623466646130376236313830653164333965313739323838633932356166373933663535
33333331653837396630626163353636636234306130366165306465383464636231323532313430
64663362326638313739666365666636333538333165346539376236623662353333636661613730
36393137316665386631356665653162383836636534353533636232363334613739333334313833
62386566623732623064613433346464366638303366326566353263623266633630323334303666
37373864363665343561343935333763343565363563313266643466653238353538613061336539
32363837366133386362633961353366393230653166326239346232396661626331666236313137
63306230666561653466646235383837373937373931646164373866626638373266306562326433
37343863346166383131343338396238343833333566636530666435316530343837333865623865
35376263633137316262663664626431656161376363343833396264383138646332396235373562
66643865306233656461663335376262626336343435663435363362373463313065356432356365
31393230633139383231303436366530643765656338366437613930663330613430346339383438
61303931613535353862383762303663373332663561623436356432396136386361623463633332
30383561353636326332386633616266383764383061666366666431393030336335333734656538
62616462376364646337633236656232663962346162343639343461316132333731633036303561
62653462326332356266623735636536653936393262646362333935376165333362353863346539
62363639623334393136313739323164383661383739633961653934616234323039643431343133
61616333653330653261626535643634313663313332613464663561376232616239646166386462
32333366383764613364353431313333396132303063303266336633333366313733346137333765
31653462393931393331323164623331343436373236366463383765306364613464363837646338
38393961633861626431336436653733353138666665383165356232323437643662353130653530
65363734636233663261626637343636353838626433643265633932376666303962616339363133
37346638363537323264373066366635633664356333353262356462393036636635623839336537
62323966313735643331356464346133333064383338363330396132313331353139616339636337
34383930383139323161626564653633343935646165376137666230613538333439303239663236
37313634323333373965363731303161616535663961326639356135363835373730383431326332
64346130343263346232653237613235306636643637323033363139643534353066306162316331
34356538393365386532616134383939393737663962316161653431323132356335616531633638
34383661666437313833626134393336613539383462363636653763666230636136656133356236
61313566303630636331333032353263643930353333303134663739336133393332613639643561
33356661396165633732386264373035346166613164303564616136393261313735663766396134
65383231376164303837663162373034303038656335616238323531336330396138623134643766
34373637333535336666326434356330383532383734326539396539303739313761653964653833
38326135646433623430666564333866656665393862353961386263633962393937643330343834
31386566353038633139356134316432366434633261303139336132373532326266333330326336
39303337666333636430623037353963336366616263333939323632343739373264353965646339
35663865636436396135376631653939643361386364383137313865653664333737373134326635
63386363346166383330303566323137373833666566336332343430653562353035366666333730
37356232303632653264636430666537316432616131383236336462363332336430663331336530
32336332373732333938363961333964386362346662616336623939663239646431323061323130
34646538316161333162646663353662666433656265616661353338633033383839616461346334
64336637393861613838643730373034363463663937656436373933396133383833613061653966
38633366393337623130613063613935663736303035346538633161646330616331313630343165
63303231303730636333633033366232326239613737656166393937336166626161613461346363
61303235313166633434336236626566663733663666643338663930346439326462663432616130
65316166356438343863383839643434326264636631393462373362306431326564313937336336
33353966393365393636303333313631376163363763386535353162656662653734363130613736
34326365366235373663333163623662613365653831313434663139363533623661323866393066
63333066323134306435313864366431623466326334653362636136663830306639323362366335
63326361386532373961376435626239623737366263643237323263636338643437636531393464
32393936613834393035343735626630356237336362326632343834363934613632346165303861
62646563306163626534333765363032633161636166643664343963366666646336363031613865
64646131646665636530386161346331613661643634346135613532393764303134663738366236
39336461663734373436613839306661346233383034376165633765626263323735323034356331
30616564316433396430316637333839366433323030366662383265383539636436653737306662
30323335376138666565336139666263313832623263303335336661336665613461306434383966
31313435353334316132323339396337396431613434323463333862366231646337313165623936
32383739363431613437373038373333613061363339353037613566306330383538396537343534
34346637366334316263663236383264343737376138323738383236656336663632386662646431
37353933326538313135616535336566333236376430663134366538626562323630336265366162
30386132363165623535353161323634363230613432383461303266393564643662653938323532
65303961353937653065666135353631316263373131336531346432326664633739326238363762
38303635613331346635386562616664366336343033383062383264373765643863373436343562
38333664393066323064393834343133613430306331303230393636633332643730376231393636
33643436396566313266663163613638376562613738636237643839616230663831316464396365
63303335353035626435386366353566623362383030356637336266356637386131623430323930
66663337383234393334326564636134613166373333316334643232323034316532656630663262
38396237353463383932623931373266353930646261613538643332633632326163666362363635
36666232363930353364326330623136386137346537393238376165323034383166623030306361
31623336333562623836313930613362303766343635663764346238333133306566323133383438
37386265366261626239666566383366636438366136396563393466633132343733363030666631
35376433326135346132356566626232663866386535386230633437636438373364626335326666
61633237333234333732623861623263633234396431303338613732373062316566343731363564
31646165623964653161353861376263623733616366363766343536383365343239626438626532
33663464613939323461323439366362646136663730653138326462333337323830306630616236
63353032383533396662363161633963623662623134366530666632316438643535383033636232
66356337376331613839363535633736316130646235663334643662663034313862306564306532
63636230316438346537643065383939353433343432333361653764666139623136303363306532
31646364303266633362386139636332363361643535343530326366653065386263326462383632
38393331623737316235376166643162653839383730393832656439363338376135633364396336
37343931393632636662653131343931306666396331303230613562393534336237393533373534
33613361316461306634653663383332343831326131313966393836653338383934636237366633
61656532396330303937303462636665333433376430346232643861343033383662653831306162
36326535373137636133366162356539616463323438303230616165393265303834383235383232
39643735303966363931633739666333666533666165323533303832613066306236623661663761
31323536636138306332633337383437323161653562633163656362656565323531393331656265
32336335303630366263303265653839333136616632356537353261353330313834636632313636
32636535363631303761376161646263646365303139623362643533363136666437383663373264
66626436323134643335663234306339636161623762633966393539303331633963613933356437
31663838613861616638373764353435653238303434666434656238636632623333353166353436
38613837373931386236373630383535326135306333333064326630353765386664616139373834
61383964396264376361336264313333613037653430623762386334353932353935386466623332
63316135383739336664316132363565373433366666366432653536326339323839663534646232
39396666346262386531396464633962613136373161643536656335663139373839353133353730
30636130306366376261646264323834326337306665623735383763336166396563363064663163
36326165313962633035393461326535333036333235323536356361376663343736633638353066
35653234313130646531346133356232623831376465663537633834303163396462373565616463
35333337336361363538306236333038633662303265343536636463613136303064656161333536
64323963623463353335333866666563646537666136306365656238386230393661386536383539
66396462613666376235313962636232623963616632346633306536383131633630666161333539
61343037333434663638363731343461303765663530326530653439656439393866653330343830
64383363303563373432646236363865323539346664333761396663373436393833663437316233
37313435386338366364303936656431666666373630303662386235326638646439623066633063
33663964366661323137313162613666633431393430656437633630343565636337333065343133
61316633356635613535663562343337653764653839326230316563646433626239636466366165
30646139656565313963636132303436633566376563323339336662663931656465636132326233
38376264303434313939633562363130616563343837626432363738323235353637653262333764
65363262623838333633326262336263326135363837323238363466303565346134303161353031
66373536376365383634343861323666373464303332316665363838636437663138613236306264
33323939313731623062303665633966373431383063666133386662346232333131323533343661
62346139363831373966386166643363376537346636383735626430626137383735343539353465
37313735396362303565306130393834613737396235386338376463333536386362633532366435
30363561666364666533643065383537303937356565333364383838323236306362303734373764
34333965616461313930353765623630356366633734663462633761393532313162643265316438
30653338363631643164326265386563363862646562616562326232663231336162386163393366
61396536656134643537653865303732623531363339376330643666373436336237333438366435
65383339316265383136
