$ANSIBLE_VAULT;1.1;AES256
63323264666639663666623961653637663335663962353563656561666132333137353363663364
3531343832393139376464343835353963323833636436300a356632326366663931663137666337
62623332326636633336653265366261316132363332386630616563323163656266653838653231
3065313762646533390a386465373331623137333431316266353930353763386637653162306561
64313430323833393531313635356361306632306131613137303630653538366334353733343335
33323461393236616230303036356237623139376339633332636537363837363738623535316536
63333165356332316561636663653738623430346161613665306235396366373235616338363264
31363665393363353933336132646334363365613030616666393663386463623764623237363166
61653530366334623864636461613336346432313239336536643733653231333733336232343539
39373563353963356335633862653133373736653136306431663461663637313138333231626462
63616163643135623039373339646237376465306531313731643864653833333063366439386164
66366637366462636266346365323537313132313065353466346462356134313261646532616434
33326361303336393439663436363738643835326137373831643466396263653930663430303965
33313832653965373736376439396332666339376136316630633964643039333862373361303162
61383362666336323065393665383434303534653536346663663562353864333731353339663565
34373335306233373835356638353266333662393565616237316533313262366538356564303839
34646238313664626339633133396636393964613536366161396537333931323664306631396637
30366563336638353935313636303430336538386561336338363264393863666261323161663261
36663565383062303731656662646162313237613036356364626366313638303639326238623235
64333964636433643338333165663936346562376338343937623233316631343232333662323237
31653165646231643230393637323862663365306332626561336335316162336466373563373936
62316630323563643166333631303835656538353930316235316466656365343130363662616265
62393862393832306161336635386433313832646134376535326363353334353563393434646266
62383334363837313631336365363137306432303765663938356366343735613064656134636566
32393932313535643935613861343336623231663936303134393962383537653261383262616436
33646364666663646663633664656433376563316531383063393430366334316331346632373637
38333133366439393533613133343533326465363364363338356565623334373930313766343539
33303339633835326436663861356664646266373563653038616262633561336434363336366664
38393832396435613732386563363235343831613830353336323863656139343732616332383031
66343835373066303931343936376338653463343330373063316163616164333562616166313735
31343239643561643865356531343364336331383133303162633838323163633636336137356664
63613738316162396261356231373165356535303565646162623264633064306137663064323064
64643231633863663934313331326663386234643138306438303733616532633362336530356236
62326264643137663837646164356661393939306364653366393562306430326335393530396536
66306661653561643532623737613434663064303835353334353862393833353766626338326337
30323433353636383933353665343539373664376537663533346436333636373135353239373534
35313063313733373566653134626363343764656636353162643061666563396638303732396565
32653264343064363237376334323037373035366463373436316334613930623534386161373431
35323939663838336130316136636262343064316538323362363063323734323765363665646132
39396464323837313537333361616232663266663237363765343366313462363938356265333131
30633264653737303763343765396633663862396535663835326234346663373535326131666532
35626535313533643136613438366461306561363764393265323437346162643764643838363436
64396138343336383562356135663133306363663164653237623139353430333663656263396634
65366137643938656463333436356264373530643265366130303432396439613262313065323562
62666635306338333831663263333839623334333962653265666266346334663338323162346462
30333939373562653633653165646339666636396137363165393536633066313130366464383564
37653464643837353335386563643465636262303064656566623937656233356437396233376363
31363533323830646164386134383162336231633464623063623966653835613265613938613534
34386539363965383665666330346632373133353838396463343637636530353262633138636361
32373263653933613338306163393639363462333964336335373139313238376636356430386662
38326235613934313561376231363335383132303338376334336335633764346466303038396333
39383038313235353034316330613331373732633437616466303139313230396361306336373833
34646264316164623830663865303132666164653436643964303732333565306438653662333532
32343234656538663032353264393335616238336461353131326539376135313739643533383631
64393733623266626466303064666535333865366135623661353332356661373532643161386264
62633564613331323732393764633337326132353237643739653638633338363634643964363865
63653935613662313736643863356536646232393130383063323439363938656531613466666532
38356234613432386464373263356339663266316534396439373836636535663765616464333034
38346638383463303339383762323731313638376438376663353835653662326232383766396432
64636239326130393334613263633166303535653536663536383438336433663063346261643961
33326436613439393830313530346564316637383962653235353566333037333834623233613537
38336165663632346162346633316538663264346461396630653864363830303761303762303330
31633666306364656131633236663062386130666161623834633334313834643235313864336266
39356132333132323933656561396331316136316366623330343635333235346265383338336630
36643530663162393832333331653233623935333739373232633036646137396435636132646362
34353963346334613661633334363132313930623335393032633264383436306162306638356135
63363862636661303135666634653534646466636532383835666131316435663564626636303336
36383837663139613264636537343865633163656231643136376337636164343637653630613462
35346531663064653039326235313832303631303261393865303936323338393962353431383934
33383831303738376432366566383130303663353566363237356265666666386635306133653334
35383439336564383434343338646563316230643534303932373635323366656265646565363436
38313032313531326131663536336365653966656432383439313564326135316630636438363638
38333363373663333030656535373239663130333265323036663730363232383433393134636465
37643331643962343761303934643438353037663437373764623339343936643761376464333336
39633366666639646630393733386536383232633135336362653566653636376533373838353363
39386564346636383139333531663732626162333637363134633063336235363532306231343438
37313933636566326436313466656364626536326239336232313330333835356562653864366538
38363030343033633234633231366635336563643437303635333631633534646238633036333364
33643061353665626233623965666562316666363866623934663662323766396265343930623536
37323236333430363039613631303534633366383465666566386538326562333737623936393635
32663930633732323038643065353137653030343934646433313431343531316166303063636136
36393966303236373433366336383738636239636132626536653237383963366362643565366135
34353934393430316136373365633461623236336335646435653432363634306632373133613237
34356139303832626532313363386538646661633839383361383065663539383761323032656665
66373961366530653437353464353861663362623838643834303161353837303933356562663930
33336463653135646635303535323837303161333830353631376164353030333836353633636136
31326133663233363937333338363639343064613630383266336130373365353236633534626664
33356339643937326534663261373539653232613438306433393866613934326535356461383534
37303830633366653735383261633732343430613163626136333436383635663530393565663035
36626365326634646362633464343233366532313565383039653233303039323239326532386139
62646366623064306464326261393537363832373837643834326166633133346662313233643638
31323135653661313566303134343930383230626364613164363063313933613230616562383233
30313361633236313536636131363630386537363239653062353930323566343265323263353963
37323466613565613634373239303866343965376431393631366161353932303165343964393263
36343437383530366536316665323461306331323762343562343731303039393865653338313835
33656361343539353530613665323231613865373665366530626330343262353833373361616331
32626535353363373666396237636136393161643136313337636161663466653062356135333331
30666264316433376635336331306536353738346366326532636461663230663234646636663139
33336164616265316430316566333535613334356361343163346566663436393561383231626434
36376538326463306138343233613366343131346531626261613435353630393165363266653230
33303735376233653362633537396265386531316534613865303335323962623735383039366166
62383735366532353931623436626265346631353133666464363832383862353530616163303332
33326162336630373364623239643165356335326435343234623830346434383630663161636537
31666238656366316435656164323561626665363461393962346262346362656534626639663865
66643739653639323338303537336162663731383936363733323833383131316536373466346162
30386563656161383734343036303437616365633530393538643161616164623838646138306634
61396631333231306365333939626466333864396537623139383864373432656337616436633561
32623462326164666561333139343537326131643831363331633632313666393764313538383034
33636533376666363361656236393538663065663931316364386265663165306634363533313139
65353530653666373235316361363966386361663265626465386639303663663765373664666334
36313062656361643233346166353636353235653939323937306364346666626330653138353136
30626663633933306232353635323664376432303231633132623333633836373932376561396530
31376461613139643066363235626539316566656438333031646366323762353133623536326536
33313531353861316335316231323535306161663030653066623664343036666465626339306463
38633761643437633735636663656433643462653561643732353464353163343336323738393434
65633261306536383039636538333330353862626130383635313861376639306139396536343831
66653738653635373236373964653031393737383232643838303334323039353266373364316639
35356635323561383862353464663766633136363236396233633662346633363238303766643135
65366533663031353335313366623337333039626562353338643630333265343266306631356162
34666563313839326161383039316334623264386566663738616531336362636438313666343638
38393530303964366262383461343033353037353132333031653730386432343066656438616331
63363064316234623061353132366639626466613239626339383630613965653832623833356663
37343161336266646434653937663866303838326166306466653265376165303264646131316132
64376335623366623362363063636135356638373939346233653162363431336633653537353862
32616233633763376232303633396466373535363630376563656134653364333666353534636435
65303363646536363266373532396434363830633134386237346538343332346238353962313163
61653035336132306561623664386330363765663139383661626633333865373834626337646330
36376230663638643039303263303963623232663139666137623536353563336465366561343461
38323137363239363634663461313664316537623431626239656261363530363230336235333432
32313631376330343633646565396565626235613965646664373137343662343133346561646135
31666236353365666439616430333331616633376530333431393938306633376264333561663833
38373736666462316330333636643934306437323162306532643530393037313964656436653334
65653864343133333333633161363362356336366134333064363664633663336139386634373765
30306139353730623561383036623933323734353831366434343035333632326137636336323064
62353263653239653834356235343937306530316139656535623932393532353530613830366466
37653832356638326237356339363363616532623961316263393936333733393837313635353437
34333361666665653666356335616537396264393133313232643964376466383065663261666136
61306437363666623830333938323930653966396562396361383463373237363933623965633935
61376562616638333833393763646639353632343530613466386234623335386533306134396264
65383635666262663831653732303035646537313839386630663264653535643139653831356134
33623364393165336332656161646266353532353662653966303330353866396631616537316166
30653366646531653038653735613838616637663364656666616230636539343036616439323738
35373762383236383635346564306431623363306630663138613665336238623363356465663066
39346561633036333761323533373464353666393836366133353765616435663965336266363234
36633230316163333565623161356635336366363065656636656439613537346361336462346339
31376262616161636639653032656163363862663761386363333961316335633439643461646166
63393033343865653564653362333666376261613030346339306361393331316132393861643237
62316130303164373933323232653530363338646434656562653039363031653235363665356631
64326437656565616266306266633364393861326263353136623963323762393534653366366465
66626162666235326537333838306265373438626630336166653630333831323436633661613764
34313039646233363266383235636435316564656230393631316232303932643732633162653765
64656139323737343631306337616466326262373561353037346139663934653738666233643861
31323237653162663462656665373863313733616564376333376163636333303361376661346165
35643864656363313835376533393437623439306433323561386265613866383136316336623139
61333337656366306438303131393033653263316433626161383433366461653232356265393164
66616463373633663266636333383664656634333632663962613462323637646239383030626232
62356537396431373839326162353135346634316366363037303836336530316361356261643261
35646438373637613739306334316233386133363431343833643634616234653938393963303237
66303732303932393461396134626239396264643330326639653262396661343831326462376236
32303239613565306263653636366538626663626563363934646164323466376435353532326236
34656435653166666363626636616634323064646436386661613739336466306566393635383033
39373133333966343364623164396236616532333730633734383338326234636334633237333335
63636435303539386465323662393861633238646261633330616162663738303063363661333432
36356563386137646334353433363562363230356666623434636336346562643438366133326537
66623964373937366430656230633533346438343766303061643733343130316233346639613434
33626633663161313436323933353739643461323536616535353463393334393764316365656561
38316634633162346462363530336230633962616130356466346235373038323331323538646331
62636264663363646263326165626564316536613066656364333763353062313532643761333561
32333634323932633965333665346239613339373365376538356563363538366630346633303666
33303738333639313530346437366532326161636435633534613864643964623134333835343466
66623662393530633838326561306263313362616131303234333536356163663762346439396138
36666331303566646639646563313965636163316366306261613432393637323137353465363634
39663834643461376538306138663432663930396332323138313366363534336631666632393435
36316563313435616433383331353566616662663333366333366134373464303935316364333838
33633236363961343936633433306439633931303331353463656165643363646238643465653137
63386661303635343361353865313438616334373735376138646365656533393636663663373533
65326333386364616163653363343030396436666632306231623161396430333563366663376362
66316433386461653362366131623238643266653934396662313162346433316436653038643265
37376436343837316639353838663030353261323437343162383534333763653636666130326164
36303436366166343737386630643466663031363862336534326663303839316339323661653533
39616533366166616634633161303833393635323230373533316164663864313136336437383464
66353130663833363435633736333338313538303139666566613939333330623031626136383734
33363837333539346434646663346465366561363262616131396438333139616666363461633136
35316139663366333361343162363931343661386532356665613434336466343537303034616564
63373833333465613165326135353261356336346235613437396165353830663336356664656166
35613334636136653039663735383130653463386465313139363330383862626463313963363864
64346261353765386235613533616465333961653562666231663132386636363361376261623135
35376135343366346264356136666565646231373466323562643038386131633931663264316566
36626662623161623230653761626633653835336134656335396535343930353632666566353737
66316531383637383666623331383531616137303638326636393432346466333863323435623565
30383365666436356534643631656565316534363432653239323831353131356662353132363563
35656639303938326234326432393933356538646439343236313061303733333138666336383330
37316462363636626534653237623735666530366164396530623135323034666137383839333635
33343033336339643764383336383634393233336631396362393935653132643634633232633539
31356234363934653831633233366434336131376663323566333538326135626630623431356330
36633432623231306562336563663533633330353166353832383264356533666434633532316632
30336333393865663634353164663738306630646637393638613036393966373532303235376639
37356434343638313765383135306166393663633833396330326438323361343761663466626532
61643463656166656463363639393837333863333139363030356466323031323533656662393661
31636632616531366531386262636563616164613633613139656333666130303363643464663834
30343861613533383636613230613861633165336133303938366632346638663262666562323538
30383732386331326634626133376238356363643139613330373364383131343762613439386164
33313963333865383834643333636330363261346166376132306537313836383938393465663533
64323532376434393365616130333039323338636263633830353731356532623362326362363865
39383338353835346566326339393563653136616166303661653132393837346134363938366366
36613161666533313335616263326536373866386430666232313862313838346438393665383439
37356332613063306631663431633961316239326435343166386139353036656266363766316439
66346461323137653462393766393036643833663235353962643962313237663838343035656466
66366665623962363838656161386631393863393332336434633965366262353935623039623831
61383161303164373966663535323931336535656337656562653334323535623463366130303239
35366338626438346333653438393537323766666135316534336566343035353865656537636339
61376236383333643561346438356636346662303463303530316161643064653863303564643466
66376439333261643036373939666436356538383537346364306163306638656535373330346130
62313132353061633337616238333432373565336538646634336334633337323430316663366266
36376339633763323066623039393232373632303966373862316138346433376362393961396632
39383134343432376634
