$ANSIBLE_VAULT;1.1;AES256
36396333366137626262383265623864636235623331336637373130366236303763376236646230
6437363438356337343465623530376464383930393732660a656132333766613833343764313563
34393739633734616539376461636436613230323636373737633132346438313838303832666163
3962373030343035630a363638643065633036303935346561626430636566323536613333333831
34666336383962626635643334366139353865633336663735393336343138363338666163373564
30303162366464663232303363373038393333356234643137313232376630313930663534306364
39643837626262333465623964626634316230386163323363353863393336396531396332336235
64353664383861363332393336666163373337313035666537613836356633653965303933613237
34303661346361366362613665356132303833366464396132626133373063353139326136376665
35656137616137376531356363363864343136393831356337663533313638373761623665396137
35366166383861323637653634613634333164343562356166373235316266363237643163353832
37376465326233643130613939623361316338303338386535646430636661343161636166363561
30636137383136313731303531363334376130383633393433333235613733393865313762623963
64373536356661643664643036326134346461613735353436626263323134373231613732373837
35316462386432373261373964306135646335306236643165613038353665393239666430646463
31383164386335373063666334316631363663363835383039353331343139303965363231636435
32326436333439633266363935633938653863376164373833363663626464343138336532646633
63656134393264653839316331383464383639353133383763656635323566396539613239323764
66333030666630623632363938376433653634366462646265656362636332306565323864336265
61343861333265356562623565656561663965326165373262363964303063316530666138306431
63646661666364623263616239353763366238653337666332346338306131386531346365626532
65316138656166653435323861316565376336643132396666316362306263653665363666313937
32393731363363623538366162666533306132623039383532623436376336613037373063326564
39313662333136336439323066616637333630303964323964353135396530373135346531623131
63343232313764646434613737353032666361663533656533343065653538636337616365663031
39313139333435643137363264623834373435386332626162613663336238313730333331346466
38313163306339643934303762373338643134626164313362613936643465363662663135666661
34666531353637353738303566366239306530623634663138393030373430376235386237346464
62656361393365326361366633653563326134643939323133633064373233393334326439326636
31663236393731363563373666363132626239626562663862323630306133656539376463623663
30653630303465326332346362376436373835363361376636343163303336623563313433356434
64346433333864326266633061343964316534396236343762646131343331653536653231656435
33626662363239653636373036353935396164383332326137353930383035643537626135393536
31663036306538626266623632666436336238316666313661333366383537353937343338336532
38613462613664343062323437623161626232393731353038336135363963333866326434633339
30326466356334346561306633653432656636356535656330333732383136363265663236376265
32393332393939646437656139313164383965303932316161396364643733396562383535363566
66353638386337613138363539616563323630393838393936353539346663356464616664396437
64646339323439316535303635623464303735373031653633383734396436366564373739613930
35396436396330346234313730333435663534316662396566653961663264633333383161303861
33393364306163633834313035383339326662323136663566396164366338386366303131303130
34373136386432393936643463356465386337336436343439353064633933663430616662613461
66343130366431323434313961383430643030643863383635643534316166333135323637653862
37346336653161363439313331323235393136313262353163343330616165653063616163653132
30306236383039623539306536383337646261663030643261653163616561316335326639656234
61393761613762386131346331613862336434373438616232616365653861653232666362346332
62343862323339616637396430626435313664643936376339383563316666333462313863616563
65366134623762656238306437633431343566636437396435366230643165663166383234376661
37656261316330343132613033383464396438643639346639393438363661653332326138326235
32303261366365363464333338353633353362633033316561633932333532643733646636363061
39666338646238663762343932363833396133333361613265623239396235666632333966643065
36373965313838633735323532343530613166386231306237643763303466656630373061633738
62353739393832616335656566326662333936333439343762396434353564616535346135376362
39663262333630616464663536303934613839656163373232343664303036313635323130363431
66636261633032353236623363373163643336323530373966373462663966316461323336663732
33373666326132313337306233626163373763646365643536643030316236646336366538333662
63646637643437346234393032346464376235373437303433653864656366333834656466653664
64643235626631616339366339646433633531376664316232666639313530666664333539393038
63336561346133313237336336343762356461313232636166363634343838326337353438623136
66326263346330346362356630363566326431313635356232386336313136373263303561316663
65663864323865643862353837306534363138303362386363323836653365393439616535643765
33666430646136653332653434363537336536626633333965343436356638326130356430623833
64636531323738636536653937306133376135646530363631633335613436343535393461353138
31373766396637333065393938623834303364626461306138646263363233313935356462396639
64653937616337303835633932396466646166613966613836396162346564656638663566326663
62633965393535666361366233316335383536336363643835316234323136316131663633643262
36663338396563326366383739346363656632316263303161303035653135363036373764666638
34333538323462323461306532306434633562346663303963373631363833336366343461636361
39663835333637616137376430346262373639323634633362363934633230383163376565336566
33626238666162343937326163393761376638646561663031366137643838356465346133333132
30643133373039636563376431343734376433336439353162373039333664366531663966366534
39313963343461343562333230313564393737636261646464323265353266633934633132653539
65393064353133356538653839623661613061306464313461376365333436313831656534663766
39633563613865616639303066313465643136396538613034363139663831636165313039323761
64336132653338313266383637396262386163633861396561646136653533306336373665373637
63623663616239613531636134633839376336326639613365373063393965633564343465333065
65626238383565663665386262363530666430383966643333306235306666653232343236643731
38643366336438653364313333363866646339616330333333366439343334356437613163313335
63323932393666373065333663303033653432383736336562306431393237653231376432616137
32313966663061656238386566393136623833323734386366643333613835633832376463333038
35363334366466633663393161633034323133376465343631326439383637316132633164336338
33646662326234393239303238326663616531653563643761366638656364333931623939323362
61633661316639313535643765303465626434303065643161356166393263303737313764646461
65653661633537363737396431633561323663643535386231623463323531396231303362336563
33336132383137643434383466336363336663633535313535363235343133623164343039646161
65376264666230643961356166623137326461363832646661323934653330316137633164316165
32626234653961666165656531666130666134646331323030633830333830366432313835393831
61316562656535363038373063306363393831623566366631633164323261346162666432356438
65326164393731356439306166306261613465303037353533613830386661633236383736616535
38383661396137393638643635333336393764336138336164643931346365633362313636313738
62633632383131303037613131363737356165623064393561306663306434356630626662626161
66653739376466356162333035623035336361663534343866613936303031663936666538643761
32643038666138386465633063336438373665633232343030373239383634623036653666303430
61333838616662303839333362613133336431663538393266393564373563613966353564656631
33323364393539663934303033656233393764396564303032623665356430616364646564303462
64613262323330653539383834366530643532613666313237656537306139313431623133303333
32303164363930386665396365366163636364623266353832623638666633653830386432366166
31616161386333393737323633623438383436373039643461316461396337316438343434363030
37303732356132313633386662313363616432303761633262393663303734616166383862646134
39656432383134353266363833646665306338306565393930306463316331323835313237343964
33613066303563356532313038343733656439383731386435316236353063396135366166373036
36346562623761373961373134393263313435653232653932323330383736393364663362303230
34383566313434363630396166396630663861633234646138363830303566383165363037653261
35346366326331343733666136643463313839663261326131316133313166396263383638633532
65343731653337363766633633623066353530353632336562336335613463636535323136316638
38393461343266353932363936396334346230343963613630656264333463323363613635653032
61313332343330396166643666363332663464306134303036613633306163656533333534396663
33353437323838636234366131303933333234353136323439326166663962323230343234653039
31623961663762613361306233653733633933376664376436353034323637626131333636363863
36303765633434666566306439336566643965386533653835313731306135376535356465383065
39656537653933633664633435303130326561383533383166333165323263393066363937366462
32373039613339373631323130633131633939303562383038663165666562663034363863393066
61626435396533653731663536396630343932613462616132333035616339333362386130343665
31396165363962333362303833346363623964623365333465366161363233363532333164353364
62386333363761366536643338313836666134373761393764363362633461633733646138316330
32636139303235333633326231313739363036323963663233366562333365653965303636636362
31376665663966326562303938613331356465616265323233656634346266373463316639343764
66376138616133323962363038366132613336386566363364376463653538363631663463616632
30666237616661376266363135373934653836343035393066663339333332616663633965363337
35316333643366643239353765346366326161623934633664333236633461646665626130333031
39313939336434653932353332333438646630303634666236313532643133313330653864303737
39363136373364633633313363343437653937613331393032313065626332303837353061636133
64656138666536663732353437353839623736643535616234653235396430646531396539623766
31633661323632616533633036386339373531663035666434333931396666313934346161396163
30346337663561366264623137626564663734333866653861613333346431323636326564336634
35386234663263393766343134303962393031316462373634313565383933613738326333306132
64626230326436393036356435373261323161633061663266326236643865376134663339653434
65386639386536303866653936306534633633313631346535366130353763616238386236343764
33356136383964636537373161313435333738653563636464656438663838653739636238623336
33323135653865636665336531316166633439616333366131626364343162383863656138376261
66646431333637626433663162326462376234613831303436383932623036303264626131643562
35343264313462303736656562373037666539393636376636373763343533376565363232303762
62306362623739353766306235366137316231396364373963623033343638393330323837363763
30643163326434373062313666633463643339313762393165373635623735666135393730366635
38623832343832386361316664303232383662623134646539303632643932376330653462383336
39386664663761373933643638623533373966356137616465323935303036363366623364666563
32386232353733633137373038376664643737303037353562653366303061313766323836363637
37636262326334393737653231336138366530323737646339616362396537363134333362336464
39613431313463653737626265393438643062376338373138323631346339633332653733383561
38353433376631623836393462396161363561363330333633333337366439393163363534383263
30616239313761353535386433316566373435323630656361363432356261653065383937303863
65666534306431323466383238633435613135643865313337636162656437333461653030343065
32383135336331323437386431316564613639636265303931343562316563643737643332363938
65613231633466633862633234333833633534383061333433633631366533636263376166623839
62666434363738396133636662613932616139333432393631346266653164323132306136396635
62626261313261336261383164656434393962633563303866393061656639306234393261313737
32623464373663393865336132333437316635666537666565653530313335616661363963316161
37353466623433356465643837393237323763633832363332393835336134393462346362616464
32376533353862626133383163363066646638353064306134383739666637393833383132613836
31376364636161663965376538396438353332646533306365396630616161343862333461633539
61626163363033613839383332356339626237396436643864386638323965663035333465353431
62383837376234366535363135313330646532636136666134363664623966303732373064383563
36393063373862346632336662396236643135656366646636643532376135623036343437643662
64343931366333303431313635626365366133353135346339643066333733376466373833623438
31393734663864643865363733343465353038393865313165386338383832636636353033636332
39396439366361343063326437333234643866316361656565353763636137613636613736626631
37363262666633623565303763396138396330346136356166306138666262353236383965613463
61653436663965666234396432373965633836646364393839663931623034346336343333626162
37343337656133346432393832653432393032636335336330663138386335636638333538666432
35643463626132383739346138663634303963616162376132363361343164346265636665623664
32616466336266346362656630663137666566383461633335313039383236353236333162373865
30383738633432633730383035343632633462353531313030376164363264326466356464326535
66353135616230626539626365383061383331313236663863386333323966386562356437653234
33346265636131653133356633663762393030316638376539616530623333643636653663356461
38353061663134653239643664633131653630626533653731363135646466323734303837666638
32386663336438663037306236393539303263626431663165623962643037353332656231343632
34626231346530666235323135366632366132386262656536373561353536636337646230643666
31633437636433383832653730323265396665663232326136616536313165623661316136626635
37633664356533313966313738633435396337306661393139366234623137333730343663626432
63333266626534663237656635323733633462303730323936653133643838636630396139353730
64323235396232313265366237373430663532633631386231353633373666386438643537656364
62653765363566623131356664343764663962303065643938336137643961316430313163663566
39616465373564343364633465653538333965313664373165366635393066646239376165363138
66346238636338366437353334626163333938633039316365653839373632323735623261616436
37316137326163623064396635393363336633363037376332313036616234353835303362336538
34386164643130323033303332356664623034653331376233333364636162613238383138653937
32653065623665633263646231333233666465396162336538613837663266346664666663643935
36363565653863363063656536623638653064396561303937666463303637623336356633646236
39633536336161373065653334633937616235383635363562643230653535346364663130666630
38656438613639616335383630646438363030346133663365353934353930666635386563663035
37356361396531343730383431393830623162646163383531653165376566356163333861333434
61626636646566346664343966646137373738326462353564623338666666653137303234633364
64316536323063623265393038313866616333666334376631663562666536373937633830653934
63643433343536656161313965333331316561333835666136653633396631663432313361333464
32363538623537613230336434646439383332663632613963663033373531353362646163626537
61323163313965356265663732613239643735343662636165646636633535366361313162316637
64393236306138613966393833353363376130353830663961326539383762393339623339623666
35343465306162323136626162643566316134363833643838313739623965333163613331356234
30336431303865353239383037343535343634313937386165326233323964643461333563613865
33383236343333316262313235386261616530656438666537353736313234323836656531303864
39336530343634313338636533343334396131376263643264316465386231356233396438626234
35353866643839316131623834376633643335336639646532336261316233663630313965343231
35356364656264313037613462316339366333333666393264613364613837643339313132633630
37386266623738363232383334333434306538613261616366616131623565316435326233633134
36623437636161323465376134313534336562383837653532353632316639396538336365633236
64373139646239373138386339616662346339343535333137313131323165626262353332646236
66666463366538666235396133336139313035326330333934613534313534336564313139373834
65353738323735666232383438363166313261346237303831653364633935636463323739646137
32313939666530303465333635333133373139393961356239646633376263366133303866376231
32346232356464323363333130643763343263663935303130383933383633313639613832316638
32643337383564313536643935396661656136626434646531653837343435623163356239333732
30653830363030333563653865336431343961616435653066333435316239336461376637613531
38396139636139356238373662616665386630623635333335333034396637313432353334313438
32376236323530636261666464313766326261656531633333633035626339323538373033623839
64633838383338616366306630623964393539623731653462353234653538393865656465313063
36623936653638396463326664313864653733343034313234336166376530393739323534386566
39376463316463656139343231333264323938393034646662306131303166353464383533393139
30316663343138633263373266393437663365623961363230323364666434326232303732643265
63623261303762393762646536623465333533356439646534393534383238376338393936306236
37336136343264343730353062363034663862613432626130316239323537653635663166393162
61383666373464363536633134656635323135383533393135666335323530313439386266323131
66383439643833636239323066323963643837656138653033323936383932623235376534373265
66356533383131306238343861353734623339303431363336616661306439393330303539626235
30653662303537316639633332613831613331656466313631386539626563323463653838353461
30663732363863343634633166643633633933346638333236643733643363326263396231633533
33333535663933653738
