$ANSIBLE_VAULT;1.1;AES256
66666662313534383935383531333061643931633661303364353665393462323839326234383261
6239356162393031343065383436643663313766303237300a366338373561623762313261316332
62666434666665666266326532393864353363303031346437313464383866303032316234623631
3961376330383234380a383238633765643366346137373366633663343536633062623761613131
66616533363131666664346131383463323264613063323332656539613532346565363139336365
63323431396637326562633836303233343730623336623062393337643263633761663436316339
34353739656161633539346236613065646337386363653565653535363665356233353261316331
64616261356439393032653430303137623039643630373466393965653164346466653034366536
65356534346461323830636463386535646563333638376639326431383732623665313264363663
30306131663131343730343963376464656565616266663263633334316237643665623736313638
64643761666432393637356664383435346263636430396331316665663336616164656136646536
31633231613439396139333035653533343338343464666364383065643061623466613632626534
63616631363633653466316331623933393436313161386461326138313364633633663162383066
66363337346433626264623138383732663831306534346461353036353864353561333933346138
39373034376639646136306131623433663461626465383461393433626234383365613933373830
63343964613639316534653562333365636237323362336135356433313532303338346364373537
37626261623464383537316532663834316633656666356139346639366632353836396538396430
64303436383134323365336635373265376431313430376438303363663433313565653364386630
33393736326531303634623163643434626665646465383530376438303737306538636461626563
36646262363738396133333161393033623730343932633430356236336439646537356635373831
66663137346639326164346465633166653737393164343336633834623935343263643166383461
35623439356136643739656366346134653139363663616632306232343537353031303132326632
35363262643835346337623935373939363130353831343463346633376366633534313535613634
38313336356464353935663330356662656333626133326666353966383664366263616162643635
32633361353363333061333965316564363432356137633035666434343565643537663138623738
61363366366334646661666138653366643934613866373063323831643034653765323131663863
30333333633334313431623337333462303963323166653765383636386236393663646531333463
39303061316639633161353733303063646230666130373935393036376564303737646462313263
62666439613139336534336130343237393430356261643134333236663036323936646461636261
31656363323335353930353836353865653234646238633134373666626532333330396465363362
39636336616633383164343764666361386232636262313339633662663934663962663461633937
30363536393736386635663463313538323032313466356639366637323136643862363737633833
63343763366337306664646265346339666463323164366261663737623339656362313731313934
34333137383635623330346339373536663031326536323836336466376430323532633964376136
65663639636638303238383932666365363031613434323464656566336561306361666665316332
30316563343066323837616135386330616161623735326334666661613666343837303937613962
32303038636139656463643233613538663734336130353532393430323239333739613533663830
31653165323830316539653130383833386337376232393266326438306337636531663530336565
62333238653061316133306631613232333966316534376466333138643436663865353563646331
32306262613162663832306239386331306430323439346136613666666163353437666636363433
38316230343630663139616638306337623031646230386563616634633562306439366463313736
38396165303834356433313139656334343165373565386163633038366161323737303637353833
61306165313765306164386332656461356134653363333136313436306333303738393465383037
39393934623361363737333864326138316665343935356564323030383965656361313039623365
63313932336162646631666437363465366538336664333839646133613735306637323865623330
31643463363739393136343033316237353539326530666361653064343238373935346533323862
39663566313563636162646439313836613133313331623363366665396563346661653164326162
66336562633064636538313365393034613062343832306631376131653238663131663639396638
65333262386534356265333330613936396330663233666664646631633264653731663639376337
61353837633436343939326535313461663237653062346637353262366636303066363136306234
31616139343535373766386466333835386135346165343433666535633766313463633565663135
62623166323436616136613435323362633761366337306432386230316439643563316437353163
35636334613461666631323036336639646162613537373931303934613737623837303431376461
65656139393333656238653735346632313934623566626664313139383632313033353237653633
35613737386534613230343866303531303336353066636664656132343837343933613439303632
64366461623430303565386162616464663965326663646563613665663163363431623861353236
32383264613132306133623866313835376338626631393765323736376136373031346135353633
37363635366436333463326232303963613033323330656364383161316231633964663337326439
61626635346234663538373939616363636234373437626130393634383737353939366466653138
35393437363932383563303431313430616363383830326565383262396266623638313764313039
32313339613935383135363364373333366236313739646239656663376432613566643466363964
65313639313131663836383461666565336561633539653336646238626530663337373565656133
64323431623630323662613361303162646634616432343466666132386632363939356665376563
30326661343739616164343734393832316533646539323138626664643339363033656237386338
38366164356238626533633764613534383034363635623061626565303933396232373332386263
32373062643431333465666235643761346336353939323130333231636637346637363566626363
62373633666663373066303063373461366331316262363664326432373166303031373530616537
32383232616662303838616337373166323463653333353334366265376535353166303239316366
33626165323035653965363530363762636232646436383262376537336436633035646332333133
62623735613763656461343361396638376464663737616637386139663562333762643366646534
35333235383636633662316462616537316664623564376561616334303335613030373234346430
31383333373061363165653864316430663364626463363634643634376238616538623738303065
32336632376165346662336561393264616661333164383766666434633162363136653039626437
38323463383732353738396339373266636461633133336335343865336534643330326138343133
36306662643939346238353763646638623763393734386631373761343066656665616465383738
37616334356562613631376366333330613131313434373938633731393134666466313863373235
36613136646230633331313562323166386436366265646164393164646439326365313432623362
33343930626533643333366561386532366335613136343137653938666334356664306662316663
36613835386434626339656533346566646263386466666561613061363062653037323363393964
61376661643465306232663432346665383330336437326661346464623433316633383064613033
33393165633065313461643063366632646431353433626138393464623534636432656662306363
64333463313663643466356634396463323862373463333933373832633932326539363733623162
66366562356330663933343138376331303164363763373161316262346639396461636339303235
62326131653835636533633764323565393463643332353365353435663065613832383938613233
66393361623963393431663864366461663566663236376634353236393063346334666661333933
65336330623236643362326162306163663932383235303538366133373262633863303665666337
34373532613738646664323566626436646338326362366639356138306534356239333131343134
65373034616237333062376361343439323537386263646338626665666639306564613431356331
32376437323461316531343238356339313864646131323263636538663431613639326336363036
64366634623532313030663165353636333365323162396338383961626637653361646435623236
39343466393138626237646438306365643538656162353730326632373833323435633731346638
32333338386361346632633131356263323130373066303632626361333635353133313261383839
38383338656462616230303764303539336165366638323433633439336365613164313938306538
31666166666363666536356131373137303761343737653335316438366565353332313762656265
36323665383162633034373063353033373362633830633232383162346234383864666433366465
34396433313336663761363730623135303037373565366231633961313963386530353266353239
39343366306364633033333231663861636663363135643162656162643536383938373834316637
31343861386634306566663630313436383264666366366331386432373662316463636163646336
30636236353634313866373339396330666237363531353361643362363164356538346336386238
32393637663064643237323630316536663138383333313235346239356439666566346631613236
36326334613762316231333739663937323338353164306230663337646463326261663666633036
31646637633935633065333532636535626365323161326139393633363039306665623161316633
37656238383931333037383337666531613939383531346464633661626263346431313234646265
30333631373934346236656134623834633430393439393831663763373466386437656230623162
39303633376665353231646466336639313431646639323032366662326561656636396139386563
32323530336564393237383737633161326163643031636664333632616566633836343036383035
39613166373831396663353930326565653635346561353033396165336633643733613761366662
64333761616334373437383361633763393235613166383836313239316238663431633637363765
62343732393662383037353930333432366630323064333430373637343964363231326134656161
33663232316635346635356165363337333261373735363764373630623964656530363563636638
38376464613132336266383232323761326639646231626164343835396165643239316538613238
39663733393264323339386534366365646366363632616661306434323432623631363337356363
34343862653063343233306464303861653663356131663034656361343638626366656230643062
36333134633838323562643133623265353632336465323366303338363935623163303738623932
37303064633861336331376139343834356634636536623231626164363734346631366661306235
30363666636433623762326162626633626663373861313661623636343336363937313363666330
66633334396635356663616534303566623138323938646534313265343562656433646666663738
63646363386666633537646530663731353861643563383038396232613264393866616663663262
30366436613137666138643465653933653633353035356535313337323363656635663762306431
63656237386430363166373237383336656662613836363432623263303861623165373839623632
30363737633163666262663236363762643236633936316561646564306639396638646437396332
64623339303130663836353466646463643663643066363536653135346435343836333432396131
37626531323235366137336332396361303236383237333537636631636235636339363735366237
64616263303463326336393030616435326137386431343533356338346638383538316538303230
32626439313064613130373630326564396365306161353231383262313136313262353537653331
31616435373137306231303731346430646438356530373139303732366362386630393362313232
39613733633932396462333437373339353233393265323139303531323936666439326563626665
62306630636134363762623961613461343539373765653635343031346639613338333664633965
32363966393235353966623430376131623462393663656230636565376430333866393063656665
63336662633433636236353531626666383134343734663131643033333534336135393239346135
39636362373838366162663333386565363661373662653432633665393462663937396134623730
30353661373761633933643361343030663332643765323734646531323837313332323838653535
34383862396430383036313135373739383831393162313765373163366231323937373932363231
35346661613764353536323736616535323639303433336438393035333732663962613366313332
33663734333431383937333637363063346633393964303865623230353861333139373939613332
34666565666237323237396361373766363965393862336366353633383661666234633931373864
32613634643739633834366532396230336533396137363933383232356233353261383237333161
66383562623061333138626538343264646437383234313130636133353962306538303937303034
30366238646662663336393137363964303164373639326566316662336634303165663730366130
37326531336537316362653332313462666336336461623732653462666662653663323732346537
33313431333466613535353330643038343139633565343361306262393462383130663465663765
64383934343431343235333439373262313433336234353861383433643731313934316363643561
62616435333434643532636164383363376461383736396562623137323266646363386634633337
62303430633737306638616661396136636265373839306632313861663035346366333635323466
37363462613130393038633061383830316335633165336638643965353439323465383561373466
62383837346132386332356439663665633661383332343162353636666165633833303363306130
38653930326163346137633030303538616432613233356639316330613062656565303138363830
64656363383162363062326262333037663963373262303339613433353837373233613964376466
34623130393037633066333839646135383137386137306637333735663864306634323264356161
64353939366331303930376239643230653632653662653864626635346632376533396439386261
61383364613362623538393461613635663462366535633130343066626661363431663162383239
66633164383830333261303162336434326563663336633331326332393862393663323234323637
32353434333064363730623465616262613164313836636638353539313633316234303233393163
61373561653737303932376434666332656335383261386537333534373862643332353862653264
65346362396333323135363964643163666335366533313832646236626663303038663834376261
32336638376234326663313334636161383661356236353630393164653232303261386431363933
66636233623733333331376439663862303631633330373034313961313062386134346337313832
38663537306362383035623332663236626136383639393561623930333563663338353839663030
61333464353330393763383965323331646536353637396566373464356637396663663163353131
39623539666632363238373663643962663764313135383566356231383137623565316465396662
38343531323037383335646166656263653634393835663732636236353839636363626339663034
37346130633736643061353230663533356564643239373437343736616638343166323533333566
62306563333535626639303663323863643264353761373639656432363837393036373234306638
61626663653831366666633931613062333336383062323863663464383664636539386431663363
35303937373936336364303937383266333431663865343838373762633338313236306633366632
35346232303933343635333961613437656565633964393735656332383765616439356466656331
66333166323365613737623536383266616431363932636365623230663764323330653335656363
30313931656239613866393562343638336138306266303763313366666166303736346534366461
62373032326534653734653736343764336137646166336235613362353236303538373430363332
62366163653738396161356431376537353737383231623231313661613932313964396261363537
61666633353731346566346565396337303833333765343238613734396266383332363338393031
39323135353637626666633836396366333335633630623063636135383463303636613837656633
35393332336264613166373839343932313165356637353138653761366664653439313461346564
38336331343437313834333833386266663330653264613838353761336235653330346434323365
61326262646562346264663862373732663837616132613832633537633530386232653862353866
38356236326164656638336338303964353532376564336563333264613738333533643265333933
39336133333735613532396534646239376639366630356462363366316431323731643234353764
37336466636366616665356438633738633539323331386532373330613836396137633837626365
37613537386365653762336233663539333130343733656133656639633236616166323334633436
36306662356534376664656634323866316464623233313237313662386362313166653438653137
34646466663738663233623435643134656166316338376633666234613330303862643265623766
32626130643539313464636366643366343439326631313531653033386236656161653138633266
32663634323834316338343736663238663864633865343033383535356566366163363438616233
63626231326538653633373438663432366263396463306364383236643562346233636638636564
37343637646363656262306662633530346433373636303234633733623336363234656130633633
33313466613536613531646633386466353633663630323662613164393564336330636430653633
65313366343038646264366333393932303761626662376336303834363161346264383637326532
38316465383333313636663263316365623363613530643037643433656262646431306262346635
39353030303262306338376237633732343038636664393563396365643166393937306131656561
61376661326665636666616637663663643537393437616539643231346530653366396234346236
33353461326138336634633531306464333461633262343430306162343738323938633361643961
62616530623632336237343937626331666466663961643830646164313039616636653964643134
38643130633330376138656631636438323233386330633031376333366130336435383737643337
65346435643466656633663737663964663366633165323666313362393563383864666335323439
31376364656338303763373330376633663434336238303763616533393863366331323966313032
35376561343231663063633339316164323738326330653862653737373961383066613066613763
39626534313233326635333238616539313730363332383836623365623739643166353165353339
30663836323132373662343737636235636533623931656536313666343364333132616637346132
64303239653632653132623037666266636165313263643438313032346563646263343636313032
63666531666235356133623761313931653764313562643335326637656137626361323636646661
63313765613937333331323839383839393638393332313931623736633636346439303936353563
36353831646139383366353330313839336565393561363638633332663035303464386133313266
38636132326664326231336563333666653939353434366161316466303135316133383130646133
63326266666431336133633933653165633266616237643864393264346361383936613530666332
31323262363837616562633536333236616630653564326562393765366161396163306134343837
38616636376537363435373735643538376364646536323939336261653762386235356138386635
31366230353963343632323231356333633339633064393330633538386562323761353365643561
35323634616665346436633264663534316438336438313865646139383862363365616366373963
35313938383164383465323936663439306438646138343732376366333761633631636434663737
39313763313830643663383130353965393335336436313061323636383065636239333461336561
63613233386361306431366531343639623338613138346262636537303533613064323164363233
62323163613332636330393162343934366534363364653434393062633933303463303135366363
35623362323939323161313439376535373965636161363966393239653639303335306361653134
38326664323330343433303964383238363035366432356235343837616431383530366361326662
37363931616563653537383635306433633265373037386432336636376637363634633939316562
61383164346430633534
